train_0001.jpg 0 50 0 0 384 152
train_0002.jpg 0 11 145 155 384 158
train_0003.jpg 0 168 104 75 384 192
train_0004.jpg 0 207 33 142 384 178
train_0005.jpg 0 80 0 0 384 189
train_0006.jpg 0 119 240 69 384 93
train_0007.jpg 0 57 0 0 384 115
train_0008.jpg 0 185 314 10 384 177
train_0009.jpg 0 83 0 0 384 123
train_0010.jpg 0 92 322 163 384 91
train_0011.jpg 0 154 0 0 384 81
train_0012.jpg 0 210 221 221 384 34
train_0013.jpg 0 12 0 0 384 210
train_0014.jpg 0 100 169 54 384 70
train_0015.jpg 0 197 138 34 384 118
train_0016.jpg 0 131 217 195 384 110
train_0017.jpg 0 26 179 103 384 55
train_0018.jpg 0 84 0 0 384 111
train_0019.jpg 0 127 0 0 384 231
train_0020.jpg 0 27 0 0 384 13
train_0021.jpg 0 94 312 234 384 146
train_0022.jpg 0 131 0 0 384 77
train_0023.jpg 0 70 137 227 384 187
train_0024.jpg 0 214 93 17 384 101
train_0025.jpg 0 194 323 160 384 72
train_0026.jpg 0 89 0 0 384 14
train_0027.jpg 0 17 146 111 384 236
train_0028.jpg 0 87 82 79 384 219
train_0029.jpg 0 81 0 0 384 177
train_0030.jpg 0 229 318 36 384 94
train_0031.jpg 0 46 89 229 384 165
train_0032.jpg 0 48 300 10 384 114
train_0033.jpg 0 64 134 56 384 95
train_0034.jpg 0 106 337 233 384 88
train_0035.jpg 0 19 63 199 384 135
train_0036.jpg 0 137 167 119 384 221
train_0037.jpg 0 115 0 0 384 212
train_0038.jpg 0 64 0 0 384 197
train_0039.jpg 0 56 0 0 384 28
train_0040.jpg 0 94 124 227 384 128
train_0041.jpg 0 110 0 0 384 156
train_0042.jpg 0 73 251 122 384 198
train_0043.jpg 0 36 116 52 384 132
train_0044.jpg 0 118 0 0 384 90
train_0045.jpg 0 146 0 0 384 36
train_0046.jpg 0 179 0 0 384 89
train_0047.jpg 0 202 0 0 384 200
train_0048.jpg 0 161 295 197 384 50
train_0049.jpg 0 119 124 79 384 94
train_0050.jpg 0 30 0 0 384 74
train_0051.jpg 0 236 324 87 384 132
train_0052.jpg 0 21 331 223 384 105
train_0053.jpg 0 214 120 212 384 229
train_0054.jpg 0 55 173 28 384 171
train_0055.jpg 0 137 0 0 384 42
train_0056.jpg 0 70 146 147 384 175
train_0057.jpg 0 123 247 224 384 150
train_0058.jpg 0 218 161 61 384 225
train_0059.jpg 0 125 210 34 384 26
train_0060.jpg 0 63 0 0 384 137
train_0061.jpg 0 23 0 0 384 107
train_0062.jpg 0 137 305 125 384 236
train_0063.jpg 0 150 0 0 384 208
train_0064.jpg 0 150 349 115 384 197
train_0065.jpg 0 220 143 212 384 184
train_0066.jpg 0 212 218 183 384 47
train_0067.jpg 0 156 0 0 384 107
train_0068.jpg 0 51 349 171 384 209
train_0069.jpg 0 231 64 86 384 26
train_0070.jpg 0 240 0 0 384 18
train_0071.jpg 0 53 217 79 384 17
train_0072.jpg 0 219 0 0 384 208
train_0073.jpg 0 151 0 0 384 203
train_0074.jpg 0 79 63 90 384 97
train_0075.jpg 0 24 274 180 384 179
train_0076.jpg 0 236 0 0 384 148
train_0077.jpg 0 49 0 0 384 140
train_0078.jpg 0 31 0 0 384 57
train_0079.jpg 0 133 86 35 384 211
train_0080.jpg 0 108 0 0 384 68
train_0081.jpg 0 191 231 34 384 190
train_0082.jpg 0 185 131 50 384 10
train_0083.jpg 0 30 268 58 384 44
train_0084.jpg 0 40 0 0 384 42
train_0085.jpg 0 41 161 228 384 114
train_0086.jpg 0 214 144 75 384 102
train_0087.jpg 0 177 0 0 384 76
train_0088.jpg 0 231 0 0 384 35
train_0089.jpg 0 122 336 159 384 36
train_0090.jpg 0 114 106 202 384 226
train_0091.jpg 0 129 0 0 384 209
train_0092.jpg 0 37 242 49 384 71
train_0093.jpg 0 236 0 0 384 134
train_0094.jpg 0 104 0 0 384 202
train_0095.jpg 0 206 0 0 384 141
train_0096.jpg 0 161 213 211 384 231
train_0097.jpg 0 139 0 0 384 16
train_0098.jpg 0 113 0 0 384 73
train_0099.jpg 0 193 56 91 384 150
train_0100.jpg 0 12 128 114 384 53
train_0101.jpg 0 196 211 17 384 228
train_0102.jpg 0 159 125 22 384 21
train_0103.jpg 0 158 201 201 384 48
train_0104.jpg 0 48 0 0 384 226
train_0105.jpg 0 168 250 72 384 127
train_0106.jpg 0 17 143 182 384 238
train_0107.jpg 0 118 290 74 384 63
train_0108.jpg 0 186 0 0 384 77
train_0109.jpg 0 237 0 0 384 191
train_0110.jpg 0 203 199 132 384 225
train_0111.jpg 0 234 0 0 384 19
train_0112.jpg 0 126 0 0 384 168
train_0113.jpg 0 174 274 30 384 106
train_0114.jpg 0 213 184 151 384 232
train_0115.jpg 0 189 0 0 384 35
train_0116.jpg 0 128 88 72 384 235
train_0117.jpg 0 73 0 0 384 33
train_0118.jpg 0 236 217 196 384 137
train_0119.jpg 0 234 0 0 384 179
train_0120.jpg 0 118 0 0 384 126
train_0121.jpg 0 165 0 0 384 81
train_0122.jpg 0 47 267 223 384 97
train_0123.jpg 0 70 106 200 384 128
train_0124.jpg 0 56 294 34 384 124
train_0125.jpg 0 132 0 0 384 83
train_0126.jpg 0 166 100 136 384 73
train_0127.jpg 0 128 142 22 384 149
train_0128.jpg 0 183 0 0 384 21
train_0129.jpg 0 201 227 104 384 86
train_0130.jpg 0 52 83 66 384 229
train_0131.jpg 0 231 0 0 384 44
train_0132.jpg 0 187 325 212 384 18
train_0133.jpg 0 17 0 0 384 139
train_0134.jpg 0 53 0 0 384 222
train_0135.jpg 0 240 0 0 384 222
train_0136.jpg 0 26 313 141 384 227
train_0137.jpg 0 37 74 160 384 142
train_0138.jpg 0 35 181 41 384 132
train_0139.jpg 0 103 185 74 384 65
train_0140.jpg 0 104 164 42 384 214
